10000
113
8230
3093
-2449
-1945
-3863
4873
2484
-9473
7513
5283
5593
1349
8480
4373
-5648
9273
-7866
3335
6614
-174
3999
6656
2941
8412
-5488
-2972
3813
-5144
5673
-5060
-6344
-4109
-1920
3371
55
4468
-7253
2238
-1152
9374
-8498
-3121
5769
-1541
2955
1910
6787
-4865
-492
4550
1449
9359
-47
2247
3824
-3545
7669
1494
-2919
7570
7450
3308
7222
9480
19
3291
-32
-7282
-6736
3104
-498
898
-7324
3776
-8131
6530
3146
-9388
7956
4440
-5159
-8015
-7712
4851
8220
9660
-6362
5261
3787
-9250
-2611
3737
655
2074
-5698
9715
2862
6037
9980
-2389
-4600
9807
-7628
-1006
-6454
4673
-8201
778
3565
3288
660
-703
-4891
-2513
5816
-443
8166
-8286
-6699
-217
-5410
-8144
-5817
-1435
-6169
3405
7197
7902
6050
-5704
-8410
4027
-6540
-5037
-27
2161
-3073
-8579
-201
-1646
2246
2314
9683
-8997
7351
-5101
9332
-2887
-1805
-8287
-8466
-7964
8873
-2479
-795
8184
-5224
-5333
6503
3272
7710
-6948
699
2340
2493
1240
-3010
9341
-1469
4535
1651
1629
-5747
9026
-2000
-4779
332
-8850
-9154
-950
-496
8093
-3039
-7943
5889
2704
-8406
-1569
-5211
-1731
-1120
3250
-9635
-4602
7710
-2417
1082
1
895
-4304
921
765
-6984
5160
6708
-9679
-8363
-5649
8281
-1633
6707
7145
5824
-3896
-4356
90
-4122
-8178
6669
-8854
-51
5783
-2967
-876
2849
-7850
-9924
-4242
-5924
-6919
9106
1722
2614
1892
-312
8079
6091
3217
-6742
2407
-6095
8394
3462
-496
8588
-8977
47
5540
-8675
5446
-7150
5495
4175
-1665
-2620
7733
-7736
-8020
8829
3558
7307
-9163
-5293
7980
2996
3677
1810
6257
-7141
8346
3967
-204
-1934
8108
-7852
90
4245
-5832
-8080
9062
-9085
4716
8634
-4691
2017
-7136
-6481
-7790
-1431
8231
1928
-8238
-6670
2172
5950
-1830
-3458
-7591
-1367
7839
-7573
-7048
-9110
1424
-3781
-6120
9317
7784
891
-156
-8777
-6048
-4391
4419
4400
-6907
-2870
2453
3779
-4854
718
9363
2310
26
4702
8092
-3957
-5959
-2689
3603
-6791
-6393
-3593
-779
3308
7716
437
-3741
5152
4521
-6525
-6558
-4216
-5953
9250
9516
1361
-5710
-4913
4783
-9093
1886
7598
-6938
9127
-5433
9403
-1592
9731
-8528
-3712
-9409
-6577
6734
2962
-5812
-3201
-5640
8958
-9709
-2862
-4862
-7100
8014
-4781
-9225
4478
-8823
-4572
2765
-3776
-9887
-357
2038
3063
3498
-8986
-6604
-6004
6483
2344
2913
-7120
-449
8998
4495
-3551
-3011
-7045
5932
1119
9845
5999
-1479
6423
-8811
3097
-5274
394
7843
-6435
2792
9204
-117
9556
3437
1785
7315
960
6739
1450
-6059
-7092
-8361
5345
-6370
-3046
2011
-5521
9592
-8215
-7327
2681
-216
-5634
-7859
1568
-3126
6988
6754
-2839
4273
-8435
-8494
-2748
7920
-4321
2996
-6771
2007
-9801
-5485
604
2481
3030
-617
3250
-4756
-5696
4995
4408
722
-5848
-2242
-5323
-7796
5320
-4627
6356
-734
9701
-3826
-1045
-9008
-2175
2880
-8137
-257
-4093
-5723
-9526
707
2772
4427
3499
708
8590
1696
2340
4824
5621
4023
5123
-4866
-983
-5124
6790
5449
-6144
9479
7654
-8229
9285
-6617
-7363
-3473
9285
4125
-7018
9335
840
-3057
-7473
7514
-7393
6060
-7015
4293
-6478
-1391
6823
-2974
4980
-4790
6867
-1799
-101
-9014
3706
-4297
4459
862
-2564
8440
636
-9544
-482
8804
-4278
-6070
9393
7908
-9745
-359
-3109
9834
-98
-161
9360
6547
8404
-5222
-8698
1014
-4014
4129
-5303
1538
-2961
-5720
5430
-4290
-7817
-4201
5598
-8890
2105
-7358
-7921
9592
3585
9499
-9419
-6421
-8105
716
-5138
-4356
3093
-122
-868
4511
8976
9652
6589
-4479
5603
-3976
5648
-6066
669
7849
7755
-6516
-1817
-1047
-6758
-3033
-3965
1292
-6610
5710
8343
-3515
1195
6493
4192
609
-9447
5815
-7546
-9254
-3014
-2889
-7795
-1738
6306
1738
3442
-1786
-6670
4553
-5462
810
-3993
-5600
572
-8073
-1466
7829
-8599
-7874
-3426
8822
3495
4999
7327
8938
-7973
2838
7477
2900
-4034
-5302
-1028
-9841
573
5352
-5959
3190
316
-7400
-5601
6900
6831
-5722
-1439
9238
5378
-2511
-5882
-8576
793
8656
2196
-3327
4163
4511
1127
-2716
2745
-5770
-2667
-6139
-3085
-9513
-4735
-7206
9406
-5357
3885
4084
3504
-2449
-312
-9974
-6774
-4186
6990
-662
3354
-7560
5959
9239
-4336
853
-6998
6458
-1160
5810
5125
4789
5787
-5390
-3354
-6571
-155
6624
2999
6360
-309
-122
-51
7300
6639
-1750
-2403
-9197
-9628
8426
6373
-9999
-7941
-6949
1873
-5469
3199
9841
-2744
-5638
-1897
-5345
-5079
-3587
1820
-6370
-1986
-6277
5163
6571
-5435
7561
-6130
-350
3098
7989
-6121
-7367
1203
1194
8208
1529
-3349
-3025
5714
6630
6071
-3104
1716
4325
-7611
-2164
-5828
6299
1261
4342
3724
4997
-8899
760
-9422
7242
-2331
-1143
-7799
-5178
4513
-8184
-6557
-8051
-8680
1804
6275
2120
7118
5294
-5058
8458
-1418
-9361
-5823
2417
8143
1332
9066
4498
-6056
735
5930
6664
3356
3061
5107
9900
-9129
-7874
5410
9182
8313
-3260
-1708
3371
-5266
-2308
6629
1015
-1583
3651
-5749
-1010
5658
-5871
-2370
-517
-9860
-6997
-8954
6979
8008
-4750
-615
2378
-9149
8908
363
-9985
8979
-1035
9411
-9354
-2578
-3778
-9046
-5918
2000
-4674
-9861
6773
9993
307
-3914
-4141
7606
3579
9338
-7568
7833
-824
-7669
-9729
-3949
-1090
-6562
-8076
2871
2652
-1542
7194
7289
8594
5403
-5821
6364
9306
2522
1726
9123
-5141
-6980
-8643
-8732
-9820
-5330
5276
5327
-2069
-7930
-3875
-6415
5021
5914
-3482
8518
-7916
-6237
-3902
-5930
-8710
7299
3511
6108
6167
8906
6055
-3062
6548
-8953
1592
-6394
350
-1873
-4065
3783
-3231
-1260
4847
1445
-2636
-9200
4477
-6101
-5171
-235
-6926
-3523
-2140
7413
751
-8294
-1210
-2787
6872
8604
1017
9280
-121
8192
1343
-7075
-623
-9862
-4508
221
-1550
7291
395
-2634
-5350
1255
7681
3373
-4383
9676
-6683
-9349
2574
-230
225
-7485
-5024
-6794
7255
-7333
1148
7161
1432
-2668
-4003
-5532
4155
1287
3137
-4006
-6528
-1080
-9067
2199
-529
-5945
-4015
-9862
3715
-7360
-5529
7251
-4852
3291
-6250
541
-1660
-3267
6993
5287
158
-4922
564
8738
7958
4094
6677
-375
7417
2534
-1327
-3036
-2538
7617
-6039
-8748
-7313
76
-3693
-4001
-4467
6842
-9242
588
3135
-747
1138
-5576
-8749
-1719
2785
7484
878
-6530
4335
-199
-7297
8584
7022
1956
-7433
7391
-5640
-8502
-3081
4169
-7203
-5530
6666
-5905
5582
5465
-177
-8315
7859
3604
2332
2598
-3685
-7864
2035
-635
-9169
-5290
-4969
-7836
1966
-7386
-5369
-2375
-14
3121
-4491
899
669
1476
-4750
-4208
5487
-7808
-6381
-8600
6403
-1102
-8876
-6642
7124
-6638
8794
6619
-9476
7149
-3679
237
-7360
8049
1244
-5145
-5121
377
7631
1278
999
-8223
-4702
1938
4653
3879
-3673
-5573
7690
3103
9370
8931
-2955
6303
-6693
8928
1388
4312
-6378
139
-5422
-3462
2816
-3933
-1391
7168
5962
7753
-2983
1684
5715
7355
8983
-3677
1939
7883
7193
9647
-6265
8505
6485
-4039
8768
-3856
-8408
8589
-8124
-8356
-4316
3379
6476
-86
2052
-9348
3591
-6204
3742
-4488
609
9211
-1361
636
9572
-6399
5566
3084
-8793
-2751
-2337
2475
1839
-8107
-3327
-3047
9360
-8719
1383
-215
-9104
-5423
6723
-3358
1791
-299
8470
-6519
-3156
3418
6476
-6024
2497
-6112
3518
-6913
9588
4553
62
-8796
6689
-8141
-6357
-2460
-1530
-3260
2281
688
-7209
-1425
8667
5342
5458
7249
1810
-666
7252
5163
-3635
4494
2470
2598
-1402
7569
8843
-4823
160
-531
-3248
9498
5652
-3324
-8667
5094
2660
-4722
-843
5500
-5699
289
2908
-8342
-578
3650
-498
-4154
4009
-5671
1962
-1445
-5036
4490
9774
6769
-3032
-7555
2831
7506
3028
-5313
-6379
-7010
-2691
-6381
-9430
-2266
4910
-4220
-2290
5162
1628
2683
-3033
-1118
-1852
-6499
6239
-2680
-6855
-9588
2882
-1994
-4496
-6235
4971
-3787
5973
3534
4109
1614
-3069
8812
-3394
1264
-3977
-4463
2787
3257
-245
-2555
-6110
-6679
-4965
-9022
1567
-7240
-4378
-9664
9178
3998
3661
-4178
-1308
-1162
-4080
5568
-2223
1619
-4306
4161
-4788
-2206
1257
-435
-4952
6869
9879
-7009
7985
2962
4215
-2846
5552
-4659
334
2745
6831
5844
8012
5913
-5090
1450
-5450
5056
-4727
3028
9260
-3898
-6151
9002
3502
3852
1765
2448
-5880
-1303
6379
-6401
-7196
-4164
1681
-6725
-2052
2823
5896
-8301
1414
-2461
-137
-1044
5138
-4032
-3928
-3485
7919
-9567
-7828
4185
-1107
3976
2614
-6192
-4330
9296
5487
-3156
2492
-551
-8908
7907
-7993
-2871
-4339
-7571
8269
-8819
6965
-6598
-5646
1146
-5484
-3205
-603
-7810
-3739
327
2140
8271
-7123
7305
1286
-363
3082
8388
-7542
5933
6803
-539
-1123
-7957
-8170
4268
2046
1995
-6727
4476
3394
693
4792
-6333
-3494
-847
-3688
9514
-9863
2306
2797
-5079
3345
-991
6483
1283
-7013
-1491
-7235
2775
-7713
-9939
-3904
-5797
6301
-8414
-2662
2523
-3850
9296
-3548
1424
-2562
3995
-8784
52
4157
3709
2015
4369
1688
5598
-9932
-1278
-2509
-128
-6293
2040
3279
8303
9171
-3768
-4348
5585
-56
6450
-4203
-4501
-1360
-1409
-7838
3781
2706
-2910
-9615
3061
-7918
1288
-4771
-1203
-127
4475
8124
-9575
248
411
4256
-8530
7160
-839
581
-5440
4520
-120
3895
-9992
-6953
2353
-9085
-8312
-359
1566
8969
-9099
762
-359
2918
8660
-1490
-1660
-1594
-626
-3433
-8359
-4435
6220
6338
-9407
9324
980
-9133
1505
-4374
8054
-4834
-8343
-2673
-5015
-4275
-611
-8610
-7608
-7724
9489
-1660
4065
-8484
2970
3993
-5608
8075
-8862
-4672
-9802
8972
-8694
-1838
7518
-5002
4570
1583
-7543
5348
1382
1924
-8464
1122
8804
8827
-1935
2039
7063
7515
5828
-2895
2267
6663
-9641
4608
-3256
-4344
-8593
-4458
6398
-8965
-810
-4233
-4584
-5613
-2621
2047
-4539
-1385
-8634
-3068
8613
2636
9263
8168
6512
2612
1648
-2101
1262
9352
-1949
7007
5116
-5465
-3168
-4029
8897
-8483
-2558
-5471
-7053
-27
-6515
-1215
4764
8720
-520
9890
-6867
1707
-4783
-102
1279
4033
4626
4483
9034
5581
-8345
-3148
-2359
3736
-2195
5885
-9827
3587
8937
-3388
6324
8121
-8464
5689
-9979
-5056
709
-6127
-8067
9030
-1744
-2419
7393
9669
-7171
-5778
6500
-3905
3354
-3860
1812
1750
2475
4029
-9684
8156
-7253
5832
9537
-4917
-4242
8380
6290
4315
86
7449
-3160
-9460
4575
-4457
5741
-7471
965
-2529
-5942
-9910
6393
7423
-3155
9868
1063
9851
-9659
494
-6245
-8808
-2211
-5156
9460
-9393
-8997
478
-9067
-3870
-8330
648
-7953
-718
-5971
-1624
9602
-2365
-89
7085
9702
-6109
-226
-6175
7647
-5870
-1053
1587
6936
8327
-2146
-1302
-3816
-2732
2724
-6911
9007
2024
4816
8239
-3030
3970
-1806
-6385
-7025
-5642
-1708
-6700
-1277
-9114
-7672
6638
-3459
-1398
5124
-1920
-9429
2814
7233
-3910
-6798
4601
6919
7550
-6868
-3706
-8296
-6942
8487
7788
258
-3703
529
1143
2187
-5942
6101
-586
3733
-6847
8417
9344
-4361
-4210
-718
8446
9357
-7368
7852
-1792
-1552
-1861
9801
-513
1370
-1317
-8377
81
-3439
-2864
-7276
-4334
-6362
-9655
8572
-7294
-9332
-1158
-7326
-7457
-5228
5906
-4094
-2737
-8477
1690
-133
-5698
-7533
1000
3508
-7364
3866
-8303
2504
5262
-621
5340
3654
3010
-7944
-7222
6013
-8526
6809
4111
7400
3750
3831
-7186
3771
4269
-2705
5109
-3139
-6347
8612
-8422
-1352
-3989
-3107
9376
-6669
-4265
-6846
7109
6444
-3377
-8174
7762
5003
2413
-3620
4768
-1051
8651
9919
7294
8373
6881
-1572
-1050
-4413
-4990
293
-5927
6785
8798
8589
-6582
6745
-485
-6848
3151
6918
5712
-4173
-6294
5796
2777
-6669
-4152
6473
2097
6659
-1469
-3462
-7414
-4395
4117
-9939
3548
157
2061
-5300
1237
-5880
7609
9160
4443
-6169
5705
-3094
8962
676
7782
-9231
-6137
9639
8419
-1361
-2807
363
-430
-2096
-6607
-1732
-2670
8013
4078
7742
-3924
993
7610
7983
-7740
-7295
-6642
-58
9147
8343
3842
3480
-7184
-2447
2877
7950
-9604
-6378
1315
-7163
140
-2755
-5883
-4056
5763
1520
8167
9704
-9458
1297
2932
1943
202
7855
8137
5197
5110
-15
-5781
-9498
396
3743
6226
-7545
-6970
-229
7462
-78
122
2229
-7519
-9018
-784
7865
8292
-1043
-3672
4664
9000
-8142
-3114
-1585
-904
-5591
9448
3919
-4089
-949
-7500
-1268
-5901
3129
-3164
-7215
6268
5245
2840
-1432
6381
9446
-3912
-8688
2524
-6723
-5488
-2276
-6371
-8333
1341
1881
5507
-5447
6950
8782
3257
-446
8109
1150
3420
-3464
-4014
6589
3082
-2870
9565
-376
1072
-5667
9737
-1495
-3889
7028
1085
9069
-5643
-4743
2891
5140
-4535
-5606
7953
4082
-9704
-7651
8933
-3400
-1272
7147
-1515
-5215
9567
-9125
5451
-1323
-1198
-8802
-6813
250
7949
7836
3455
-3507
-9667
-1608
-8906
-2249
-7852
-9558
4690
-9480
5170
1309
8533
132
7926
-7073
-9001
1038
-1525
-8191
-8991
-9744
3333
-3421
-5604
7390
8135
6316
-2812
-3940
-9460
2056
-5095
3484
-1858
-2868
3246
-4231
-3646
2479
6917
-2592
-7537
8851
2344
-8799
5037
-6482
-799
-2241
8095
-9114
-8140
-2338
-2956
8208
1705
-7317
-5637
7702
5484
-7863
-8549
4998
4692
7633
79
-4309
5675
-5061
2994
-2307
-9427
9118
8551
-8168
315
2562
-7663
-1334
5289
2449
1911
5995
-1904
9716
1461
-8125
7545
-3648
6409
7341
7466
3299
9055
-2871
-2084
9459
7578
750
-1326
-6676
4072
9970
-2781
-8672
-7154
-4683
-5262
-6798
-8330
-2108
-5255
-4621
-7484
-6579
-3723
6487
-5855
-6981
-4805
-209
1315
7956
2681
8391
7139
2794
-1416
8850
-6066
3197
6874
-7187
9743
1243
371
-1687
-562
4461
7488
-1762
2414
5669
-729
-6422
-5839
1489
-894
-4827
8059
-7752
-6236
-2518
-1827
329
-1095
-5524
4560
9681
2895
7357
-5112
-6275
-2925
-9603
-4008
7679
9828
-1570
6825
-2285
7778
7247
4108
-1185
-5326
-7371
-7664
822
-3433
2367
-4169
-789
-6927
9935
-7288
-3133
2517
-7849
1927
-1193
8298
4517
9739
-7631
7463
2404
4770
2093
1569
1426
5588
2284
1172
-1797
-3300
1551
8903
-2445
-8062
-5298
-5612
1812
5320
3884
2958
2366
-6483
6367
2242
-4839
152
6453
-9016
-5897
3404
5426
-74
-213
-350
4022
3785
-2630
8838
-8650
-6245
8371
-7958
-3839
-307
-2812
-9642
-8324
5702
-5242
-8777
-3119
9080
-6112
-3891
-1120
4911
3342
8226
-4707
-8795
-8538
-5659
8620
9908
-3367
-5836
682
8349
-8784
-4429
-7270
-2598
8906
9185
-7955
915
5847
980
-8973
-9335
-1904
9803
2044
7310
9704
-5913
-8480
-8332
493
-7446
-9379
6432
8936
-9655
-8988
9029
4057
-1419
600
-1149
-9757
7706
-4625
1958
-6394
-7190
9849
-5559
3103
-4235
-9517
4721
-7047
7152
-2595
-2783
-2388
-3412
8414
3624
3765
68
-3159
-4810
6658
689
2291
-7614
-2316
5164
9105
8057
-7472
9564
-9354
-5606
-1266
52
5649
-5182
8500
7200
6579
-6882
-8830
-5941
3270
-8765
-9077
3414
9563
6404
5702
-8059
3869
-2711
6985
-9177
7648
2767
8448
335
1077
736
823
4484
-2979
-8246
-4355
6924
7517
5001
6357
-3682
-5904
-1994
742
-6733
-99
3381
1610
-764
-6294
-511
4975
-7228
4085
-4728
6220
-3726
-2293
2839
-1780
-6467
-3667
5250
7874
-5826
1529
8197
6045
-2270
5130
-9927
2227
4674
6275
7099
-8575
1174
9354
2810
-932
7065
3968
1019
113
1446
9776
-2204
3453
529
2767
7128
-1273
9337
-9116
6176
4371
5685
-799
3908
-6463
3593
-7019
9962
7341
8672
3405
-4370
6424
9248
-9404
-778
-179
-5099
1465
8021
2379
2250
9854
-1316
4985
18
-4209
4719
3391
7504
3759
-4202
7752
2014
-7907
-6915
-6458
-6558
94
-2031
-7620
2907
-142
-9954
-2786
-2157
-9833
-8038
5974
-1347
-3680
4992
5918
-9352
-7583
2192
1571
-8080
-665
-9662
2645
-7753
9965
-9360
4785
9357
6613
-7473
-3261
6428
6580
-5321
3592
7252
3125
1001
8380
2330
-5120
-8285
8750
-6832
-5878
9930
1514
-3007
1954
-8815
-73
-5483
8903
-2581
-5884
9812
5206
-1393
7407
9681
7063
-4751
-4233
420
-7132
3174
2984
-3626
7523
-8088
-5832
842
50
3104
-5866
4163
-5307
7299
-5854
7296
9975
9026
7931
2677
-4204
-9428
7363
-6320
2985
2926
-7586
-3051
4679
7932
4222
-3670
1351
-5654
9765
9967
-104
-7726
1203
-2891
-6159
5118
-1051
-5612
78
1949
-7931
-8778
-6224
-4488
5835
4684
8696
7626
1211
3022
-8327
8950
-8634
282
3621
-4585
-3963
4353
8261
5979
2207
512
-7555
-6604
-912
9742
-6262
8408
-2049
-7514
2608
2869
-5665
-9839
-5194
-6978
-5766
-5024
-5323
8536
-5620
4206
-9584
8170
-1894
5439
2914
-9942
1969
-3238
7701
-434
101
-7008
-7733
-8626
-7789
2386
5432
-9838
-8235
-4638
-6672
-3406
-4127
-1868
-8088
-4768
-1855
-7843
-5300
7181
-5246
-2831
339
8905
6230
3962
8078
738
-2863
1573
744
158
56
-1757
8045
-5567
-7114
2600
3701
7648
90
6407
-5375
8726
-8454
-5844
5096
4385
7540
947
-5668
-2890
-5464
6978
-8449
6725
-188
9690
-9080
-2670
-278
2461
4797
1117
9127
7000
-2044
-3108
-8153
3840
-620
8253
4990
-7686
-973
-558
-2133
1925
-6843
5990
3654
-6112
4106
-8143
-6594
-8966
-8825
8524
6006
-4816
-7441
6057
-1478
9631
3141
-4064
-996
-9792
6114
8848
7416
5065
8974
-6661
-5798
-8587
73
-2837
-797
911
-3904
-2495
4708
-9355
-2775
-7387
-8093
-4572
9836
3870
6308
-5083
8713
-533
8430
634
-8080
-2694
1420
2262
-2350
-164
1079
6164
218
6858
243
-725
6228
-8268
-5982
-9316
-5480
4059
-1503
-7652
-4955
-3119
-1897
4916
6026
6316
887
-7916
-4111
7119
8847
1087
-8781
-5424
-3538
5609
-4369
1216
-2903
2656
-4481
9578
5925
-2501
-6014
-7555
-6151
-6290
5331
-6203
-2887
1034
8005
4763
2086
-1965
-9042
-6566
-7919
7683
-9412
-7450
5433
2398
1661
782
-2307
2187
8363
5459
9288
-1183
-3363
-8981
-571
2587
6150
-6969
-4169
1337
4976
-7070
3835
-6542
4534
5630
3699
-3192
4069
1019
-7979
-8224
-7464
-372
7803
-4183
48
-5599
-9058
4025
-6139
6238
5369
-1438
-4463
5900
-7925
1622
9645
7519
-1908
-5898
-4160
-4661
-7148
-5792
-4477
-2680
-5984
2549
7043
1356
-6269
7362
-4314
3934
-9910
8408
2741
5876
3981
3094
9889
-3825
6492
9840
1414
-3631
2661
9287
2850
-692
-8599
-4645
-5875
-4976
-1594
7103
-3499
2603
3039
6003
203
4905
5618
-3017
5435
-5575
7434
4452
4557
-7613
3445
-704
2463
6075
8830
5987
-8471
-4765
-665
1469
-727
6745
-9155
-4297
3240
8366
-8132
1244
-6896
-4341
-3470
-4339
-2078
7809
7837
359
-2730
9584
-7030
6953
4952
4089
8906
-2423
307
-5405
5393
3687
6835
4344
-4961
7401
-8425
-4974
-6103
9576
-816
-4912
-5291
-6326
-7115
-5111
4621
-3220
-5675
8165
-5835
3513
696
-6408
-2843
5400
2149
-3112
6859
2829
-1918
-4918
-4821
-6414
-5658
2029
-6879
5819
-5675
-1123
-3380
1007
-6954
5302
-5454
-4431
8541
-7456
4062
8759
-8531
7364
-9503
-1714
-1733
-4641
8392
1921
7236
-9644
4168
-5888
-3551
855
154
-4741
-187
2622
-6496
3922
6539
3943
6442
-6352
-5175
-863
3822
-7380
4134
8977
2926
-5756
9078
-7759
-2359
-128
1296
-4856
-3150
8227
3767
6755
2547
9776
-2199
3248
7567
9983
-7
-9115
231
4543
-4681
-3610
4232
-3883
5511
-6140
-3819
9784
7445
-265
-9232
-6850
8515
-9478
-9252
-4180
-8682
-720
6253
1582
-6380
-6429
-6650
7198
1237
-3840
2501
2506
6302
-4084
-1218
1394
8598
-8221
8415
-6576
-3241
-5340
-1524
-5689
2027
-9161
4802
-7178
-4411
6265
9429
-8557
8594
3703
-308
5332
7635
-1404
8493
-2026
-763
-8568
-8331
8135
5567
-5512
-9666
4410
-8706
4032
-8927
8030
3822
384
1018
9799
680
-6865
-4053
5348
-8046
4119
6875
7948
5514
6014
1524
9395
-3997
1438
-4669
2388
-5062
-5416
3378
-7349
-6811
2712
-4118
472
-4397
-8371
-3271
6726
9798
-4584
-8876
3251
-1275
7665
3688
-8031
3483
5312
-3446
-8689
-4383
4436
7100
1803
-9898
-627
-9882
-4539
1945
607
7882
-805
1682
-4915
-4575
-571
2006
8869
-5656
-9175
2144
-6163
-4043
5709
3237
520
2364
-4652
3091
7909
85
-9563
-8564
-4138
-7181
5486
3658
-4556
-1396
-4127
-3922
-990
9058
-5767
-9843
-2538
4637
-9652
989
3735
-8113
-6946
-4413
3762
9559
2965
-5189
3318
-4913
-2858
-2085
9846
-8137
7979
-4231
4335
-2311
1625
2556
-8489
-7098
-130
6658
7460
-8139
-4394
7279
4077
-6447
-67
-6420
9160
-3347
1639
9548
-5429
-2496
1802
-3260
8989
7478
-4090
3986
5683
626
-5297
-5560
7573
1673
9215
6929
9177
-6364
6050
-9144
1059
7253
4703
7141
8251
-1014
-4183
-4281
-9529
3902
901
7614
-7707
2917
3885
-6906
-1578
860
5468
1578
-6155
6207
-5772
9
-2617
6020
4702
4232
8397
3596
9327
8565
5384
-991
-9734
-4342
-3541
4977
6961
-1196
1242
-6017
-5357
-7267
-3749
-1990
3389
6334
-5136
9234
5295
1484
8511
-5921
2764
7208
-6510
-5032
-2551
-6850
3877
1720
-4362
-536
6406
-1466
-1278
1058
8635
2753
9441
-1551
-1098
3325
4559
-2474
-7874
-7364
-7307
-5561
9725
-8969
5012
5065
9774
855
2211
7829
1986
-4772
-7529
-8927
5600
-8496
2803
2963
-6699
-5349
-4519
1256
-4604
7830
-8550
9983
-4650
-8882
1146
2164
-9155
4863
4775
-8954
-370
113
2875
1169
4313
5186
4303
-657
4998
3225
-1685
9518
319
6437
6634
1747
-5191
-753
8995
-729
-5417
-4032
1601
-2095
-7353
-3391
7807
1600
4968
8391
8384
-7874
-6654
5145
-2195
-7091
-5279
4722
9729
-572
-5721
9575
-1163
-3136
-6978
-5399
5694
3771
-523
-7854
464
-8036
7345
7694
-2385
-3357
-2856
1765
-1373
-7376
1936
-8987
-5335
-929
-3490
5938
-6029
2208
4946
-8246
8584
149
9788
7917
-4058
-8372
-9400
7974
8943
1721
-9911
3131
-6526
-2714
6709
8048
-6552
-3402
6919
-6003
-3365
-7905
1308
-7372
-1387
8790
-8078
-2572
-5352
-7111
-2432
-8703
-7493
2173
-2878
-4716
4595
-1083
-9890
8497
-159
-7006
4331
-8985
-4783
-3451
-1237
-2983
-6003
-405
1173
-9802
9687
3894
3484
5769
-2077
7090
-7777
-9286
-5573
-1770
7753
1773
-4935
-4948
-129
-2579
-3621
373
3743
2025
4667
2761
-22
1687
-273
4471
9504
-9491
5973
8143
-627
7850
-9218
4301
2511
-5923
-2141
4949
6316
-9713
-4772
-3782
-4078
1711
2895
-3801
786
-3059
4609
1713
-4672
1517
-4166
-4123
3736
-6471
2756
-3773
471
-308
3132
3960
-193
-9554
-3575
4038
-2438
7210
6666
3342
5247
5596
-9204
-2014
-6303
9862
365
9165
-6612
492
-6919
-2992
-3845
-2286
3390
-7523
-4307
3526
-1385
-397
-3930
8889
-9896
1295
-366
-8275
3877
-819
2688
-8365
-9637
-2622
-89
1016
-1606
-1135
7835
8673
-6817
-7200
-1189
7565
-9974
-4866
-4429
-1947
-7700
5490
-2293
-8695
-4752
7192
-9976
-1523
-7066
-5829
8283
8765
7742
3858
7182
3773
8798
-1893
-6443
-7525
4874
-5324
1939
-5681
7530
8753
966
4503
8351
-7686
-7865
-1158
-631
6952
2558
344
88
6254
1282
-1425
5490
-9833
-8872
-9983
3407
-659
-592
6073
-4948
-4706
-6068
1138
-7599
-8275
9399
2998
5240
1809
38
1993
5890
-9213
-3880
-6332
-1544
-1029
-5744
-2697
-7842
-7167
4391
-8084
-1344
1084
-436
8010
-5723
-7543
1989
4275
8760
-4725
7525
1056
-7814
6837
-6278
8527
6348
-4975
1254
-2196
-4494
-534
5883
5856
6759
-104
-776
7372
6350
5210
9224
2235
3267
-9854
4928
3389
6688
958
1166
-888
3658
7840
8670
-1183
-9406
-6497
-4225
7277
-5334
5404
9989
1608
-2772
7491
5506
6384
4435
-9089
57
9343
-1883
5888
1381
2568
-4059
-4238
-1707
5865
-3262
776
-2219
-6459
-7161
-3297
-1822
-8910
6744
1433
-999
-5344
6438
456
-1668
-8484
4771
-1121
1581
-5469
3069
-2082
-961
8546
7850
4960
4285
-7929
7754
-6269
-4102
4494
-8791
-6132
-6283
-1226
7477
3048
-9846
3870
212
3578
-4489
9399
-8011
2034
-4659
6585
-6925
2675
8395
8742
901
-4393
-2033
-4022
-9371
-6683
9665
-1262
-3134
-7179
-1473
-9611
-6281
3250
5055
-5941
192
2007
-5029
-4895
-6305
-855
-7639
611
-6966
3595
5026
-4423
5775
471
-2844
-4364
-7994
4678
-5368
-1803
4301
1073
7056
-936
-3575
2631
9355
-4769
1652
-4052
9942
5486
-2216
8267
3341
4240
6752
9006
-3473
3251
1302
-1842
3952
-4477
-6748
-4029
5329
-2031
-4765
-4202
-3687
6416
576
5729
572
4743
-8742
-754
8757
5936
8841
3911
7409
5027
-9357
-8839
-3243
2721
8673
-7055
5494
-5976
9084
1913
5261
6972
8290
7222
1562
-2894
9533
-7141
8190
-6950
-4470
6812
226
-218
1659
-11
-5422
8087
6632
3982
8064
6404
8449
-5337
-2722
-5764
931
1915
-8054
-2130
-3736
-5357
4667
-4564
-5169
1522
7047
-4858
-1579
-8967
-156
2141
9757
1745
533
7762
9526
-3
8247
3399
-177
-8887
-5714
-9762
-6738
4242
-7216
-6711
-5175
-4722
-7762
-7440
-7545
-3633
7224
3348
-9850
-8273
3415
-6210
-519
-8575
-2514
8260
1445
-7425
8243
-6431
2614
-3050
6720
3311
-9651
-1811
-6392
7165
2192
-7121
-2933
4698
9548
3620
9322
8499
1488
2371
-292
317
-4909
5522
9323
-6391
-7536
1197
6783
620
2176
-7580
-4525
-6176
2316
6687
2920
9488
6302
6721
-1122
6996
8364
6359
-8499
-2495
6019
2864
5934
-5930
5965
8451
-1872
3486
7178
358
-4018
2265
-2935
-5059
4708
-2341
8716
2674
9938
7222
3751
1667
-8080
-3114
-8340
1634
8527
-8456
-9222
-852
9144
9843
-9564
-9190
-5197
7399
8927
8931
796
4696
2800
-2972
9117
-8951
9196
-703
-673
6734
-7481
-34
3971
6832
104
9926
56
-1324
-3394
-3606
1184
7785
9485
8967
2884
9481
-8262
40
-392
-8951
9254
-8993
8776
4395
-1440
-3525
9532
-7922
1294
7585
-3269
8840
-24
172
-4543
-2400
7998
3463
-5359
7383
3531
-8284
2884
934
-338
657
3832
2303
-2418
-1748
9150
-7149
-9412
-8109
-7827
-1670
9513
2624
-2478
7770
-2398
-6170
481
3282
-2265
498
-4775
5443
6363
-1431
-214
-4475
6701
4965
2221
-9856
5237
4001
5604
-7910
7424
-9594
6560
-3991
2535
-9816
3197
9914
8924
8127
-5636
6014
7899
-9994
-3077
2093
-4507
3457
-7019
-1932
-3628
-9893
-7117
-7575
5465
7969
7080
-4167
7445
-2793
-4695
8893
4703
-9579
-125
1814
7727
-3346
-856
-6918
8472
5680
-5277
-3455
5638
-7697
5264
8985
2495
1132
-6987
9993
5716
4386
-6899
-4604
-6622
-1631
4648
-6554
-4019
5846
-7474
-5909
-4512
1239
5639
3689
-4510
-2522
-7650
475
5359
-51
-843
5100
7167
7854
8019
8997
9253
7089
5014
4762
3169
-5150
1576
-9177
7165
4448
-427
-858
8814
875
1733
-6494
-1538
4894
-4908
-5553
-1698
-977
-6971
-4889
-174
9257
2059
-2694
4389
-6481
5213
7298
9724
-1857
3772
6032
-1908
5976
-8238
9935
326
-9539
-1825
-1062
6408
-214
3743
2903
342
8991
-8860
-8429
6379
2871
8036
3807
232
5954
7232
-6525
-5353
6396
3359
7008
-6325
8363
-3247
459
2188
6801
1011
-8766
-6056
-9673
8187
8495
6110
-6519
9745
-4513
9132
-5530
3448
-6030
-9210
-8171
-6077
-8558
-8267
9741
4888
-8016
9067
9245
-8617
-7118
816
-6528
5677
5499
-4826
-729
8535
-4661
-7012
9554
-7961
1701
2179
9375
-1179
-5723
-6211
-993
4576
1508
-7919
-2366
3446
-1046
-4760
-5787
5651
-1472
-9466
6692
-7418
1197
732
-2416
-8710
4383
-94
9263
9644
-4709
42
9965
-9611
9111
-9653
2814
9884
1942
-1804
-3714
9475
6879
3481
-1808
686
-7430
5758
2604
-2195
-2141
5703
1570
6243
-9836
-4969
8170
-3115
-2824
-9415
-6692
4416
-6942
-3049
9995
-8848
-4390
7332
3748
9621
-9314
-5511
-6509
-9810
-5246
2745
5248
7701
-7439
1614
9791
-2806
3430
-4289
6295
-6772
3068
7449
-287
-3164
2981
-4326
9848
-4387
-5983
7362
300
-9480
6337
4497
1312
389
-766
9011
-6819
1229
-2049
6431
63
4765
-1761
4744
6693
-6812
-6796
-3913
3138
-188
5453
9930
-5966
-9816
6583
1754
7018
3670
3129
2772
-2687
7061
-3353
-5708
3475
-8125
-1083
-753
-8452
995
7226
8986
9260
6452
5755
-3835
1965
-1862
9838
3055
-8117
-1452
4910
-9388
8617
9281
-1662
3860
5882
-2745
171
-9024
-4133
-613
-1518
9349
4556
-845
-3017
9664
8016
-3013
9223
-3003
1288
-3530
1502
-728
-6760
-2932
-717
-274
-7549
-9076
-9632
8065
6029
-8020
5609
3380
5194
-5051
-7654
6326
3725
8104
7232
-6955
-3660
-7460
-5127
5185
1318
8226
9928
-9954
-8051
2368
2393
1854
9766
485
9961
2707
5661
-9331
498
-5367
3117
-6787
-3737
1641
6296
2605
-6874
4069
9448
-3647
7118
-3583
7667
3859
534
-7396
-5142
-2283
-5918
-6430
4652
2294
-6061
-4238
6806
3194
-2113
-7234
5666
-5145
4405
686
7447
-1918
5101
7492
-6628
-7119
-902
-9518
4118
6554
6136
-9904
6896
-3546
4821
-2520
3714
-6000
-4265
9408
-5588
-1292
8090
-1464
4873
8739
-1126
6334
-4607
-3080
3913
9831
5563
-4021
5590
-789
4959
4736
171
2945
5878
2249
-8367
8863
3572
-1080
-5669
-286
5000
1201
3849
7959
-3611
5313
6767
7851
4495
-3887
5720
6488
8146
5806
-3342
9666
-5755
2855
4628
-4091
-3881
8033
6265
7197
5017
-4907
6003
-540
6606
-2653
-8934
-2198
2648
8413
-1101
3988
3152
-2021
-1325
-7192
6535
-8879
2950
319
-8044
-8203
-6595
9070
-9029
-5957
1030
-7031
-1458
6226
5679
66
-2638
-6544
-7492
1574
-943
-9467
103
-9775
3171
-5476
1381
4823
-1955
6522
-4867
-511
-850
2035
3505
9652
668
4368
-488
8108
7225
-8174
-589
-2536
1897
8050
-8142
-7570
9303
6074
3761
-9966
519
-6608
-6793
-7354
-6057
-4359
-1955
9423
3622
7870
-8082
7567
448
7850
-5336
-8535
8051
-4589
1695
-6348
4056
7523
3753
-3967
-1727
-4737
8549
-6251
6465
1975
9947
-2675
3077
-3661
6492
-3094
7370
-6054
4244
-1853
5527
1089
-346
5497
6432
597
780
-3527
5521
-3362
-1894
4669
7746
-1956
-9625
8572
-5939
-4721
4405
9230
-1407
-471
-8033
-7782
8602
7169
-4527
7252
7093
5569
1467
6608
5894
-100
8906
2141
-7634
9779
-9181
9493
4581
2654
2893
5408
-2950
1632
-2638
-94
5990
6544
8638
6682
-4143
-5435
4996
1079
422
1309
-931
-6772
-4554
-1479
6230
1210
-21
4263
-7219
-3802
-1976
7317
-2314
7121
480
7154
3605
-581
3461
216
6616
1350
-6823
-6334
-2511
64
-6065
6627
-7140
-7349
7352
-7584
-9288
4437
299
7209
-6342
4168
-7282
-3130
5957
9456
6032
2123
7892
8778
-9746
8541
-2398
2907
-5007
8028
-9622
4068
7640
3485
1209
-3471
6791
-4127
-4656
7025
-273
-4619
6365
-4472
4278
7814
-7066
7645
-9997
-1164
7759
-6689
1866
1812
-4923
5968
-3098
1616
4135
-4915
-1539
-6107
9848
-9639
-3446
-8058
-8444
-632
-7327
-2862
-3321
6459
-3265
8734
898
8925
-8603
-1327
-6867
-887
9687
7965
-5474
-7723
-8424
5457
-6334
-4309
-345
8506
3409
6380
1746
1190
1344
-8080
-9412
4648
-343
4443
-6041
1696
-7103
4642
-3895
-5561
-3289
499
4859
7363
-5953
9174
-4928
-3871
1438
-8126
-7479
-7121
750
-2807
-3230
-8509
2460
-7959
-6220
7004
-9020
606
-3424
6197
-939
-8488
-3654
-7895
2625
8007
-2532
683
-1616
5355
-6790
9348
323
4620
-2136
8352
-2130
-2779
8618
7733
2346
3367
5802
6822
823
9508
-4848
-4718
-5260
-5826
379
-9682
9639
-2046
7382
-8033
4543
-1674
-7159
244
3159
-6820
-7676
-7648
1194
1399
782
-8384
1038
-7346
655
-9501
-7156
9188
-3677
4328
483
2834
1342
6060
-7698
1436
-9268
3518
6780
6141
7753
4286
-1835
-7018
4513
-4358
-2239
2720
-4844
-4567
-2630
-9319
-7762
-1376
2436
-5123
-8439
8664
8393
4207
694
4625
7344
8194
-5976
2885
6699
-5883
-1180
7770
8330
-375
-926
-7168
-9459
-3799
-3074
-6830
-856
-5500
-6983
-5658
-3734
-877
7141
5360
8770
1277
-3393
-7271
-8236
8855
7302
9154
2797
-2515
6524
6586
7674
-7296
-2675
5270
6912
8090
-2741
932
4711
-3203
-6025
-8511
6466
1387
-1420
-5593
7163
9353
9991
-2800
7208
7873
7550
4922
7675
3086
9037
-7002
1483
-3126
-6474
-427
4973
4267
6552
-3649
1039
6790
-1104
5309
9769
3548
-6071
-4375
-9036
-9498
9612
-1299
-7732
1338
-6904
-6255
-4264
4398
-8622
-608
-9174
-3009
-3082
-2794
1977
1451
500
-1719
5077
9307
-3404
-5452
-8903
-2428
-4556
5561
-9863
-7042
-6571
6807
-647
-2012
-7190
-601
1810
-4769
4119
-7661
-6864
-7445
4096
-2634
238
-1283
5870
9138
6376
2209
-840
1391
5025
7809
-3262
-6582
2135
5292
-2844
1449
8593
2727
-4534
-7214
-8834
-4159
2092
-2587
-6805
-8814
-2453
-4876
-3392
1174
3541
7688
6003
-7330
6872
4577
-2808
-5289
950
-7042
7426
-4268
-7215
9185
9536
1525
14
-4524
2392
-5048
-3576
3021
-9902
-8916
8315
-8072
6028
-80
1601
-3721
5641
5168
-876
-7177
-4629
1311
729
-4216
6840
-3123
1007
-5281
-5304
8478
5343
-3674
1841
-8136
6803
803
5900
1336
-5088
2868
7738
-6122
1286
5441
952
-5144
-7244
8119
8971
7668
2150
9886
-2659
-9001
-7457
-2198
1225
-7086
-2435
-252
-7042
-9924
8397
-4388
-9035
-9045
-2858
1645
-3660
-3141
-3967
1778
9768
-8051
-7083
-1989
601
470
9878
3956
4197
4305
-5987
-1078
6701
9345
-47
-6860
3723
-347
-5233
-3202
6705
-401
-2970
1549
3294
-2859
3652
-4604
969
4592
2421
-1832
-8534
3996
-9627
-2533
-94
-6761
-1038
2929
7816
9512
-6834
-4274
9797
9270
-7316
3274
6781
9738
-7978
-2836
-804
-5635
7702
3333
9065
-8859
-7233
-7069
7395
1912
9409
9158
-7716
7672
-789
-1633
-1048
8818
-3013
-9053
-4772
-729
8996
-5698
-6681
-9545
-7920
-5631
-9071
9482
-9678
-6705
-1388
8778
-9456
-3310
9597
-3893
6608
1651
2153
894
-2628
2779
-9059
2676
-346
-377
998
-3600
-4187
1626
504
-5283
-9945
-3413
7385
9530
-5970
-668
-2403
-1244
-7948
-4331
-8153
5751
7577
-2437
-6138
-1128
-8322
-700
3100
2
-1534
-9784
8451
2659
3321
-428
-4681
20
-575
-7205
5541
8183
5232
-4540
-9862
-265
4043
-9169
-1431
-6975
6341
7583
-6186
-9610
1072
2925
6287
-3237
-9367
-4457
7580
-5203
9390
-9644
1027
-7667
-2708
3578
-6225
-6126
-1105
-6161
4779
-1765
6330
-8790
6224
-2933
6154
8509
8748
8084
4345
8464
2608
9475
-7398
4756
-1373
-7563
-1230
-7401
7704
-5714
9876
6616
9076
-6133
4040
-2084
-7661
-4365
-9219
8363
-9433
8012
4663
-7637
5431
-9182
4352
5041
1009
7275
5591
-3068
6955
1313
-5931
427
5683
-1131
1336
6333
8561
-1598
-5554
6828
-1670
9400
7240
8282
-6590
-9650
6323
4262
-2607
3677
-7622
-1430
7706
-5062
4461
7516
3959
7779
3328
-244
-9770
-2340
-1406
-5185
-3906
5749
-9860
-6789
-726
7688
4406
2503
-744
-5534
-5714
-3100
-3812
-92
-1570
9568
-3071
-4423
-7127
6748
4457
-5867
-7200
9535
4029
-7021
7747
-5623
4686
9038
3680
-4407
3946
-6728
163
2944
3000
-9360
4720
-8986
-2555
-260
-23
-5609
-8222
5949
8895
-1930
6295
9883
-7468
-2629
-9110
-1901
-8458
-9258
-6132
-7672
-7745
-7510
-727
-9725
-7585
3901
-5242
2517
-7557
3023
-4983
-1926
-3458
-2676
-174
8829
-2454
1602
-9917
-9474
4155
-1907
-999
-7865
-6627
5153
-6959
-8797
8587
9212
-8844
2197
-1018
-9088
8916
-1697
6272
-1810
-2595
-652
-2377
-7505
8802
4585
7417
-2582
7586
-2550
-8864
-8614
9616
-2990
-2101
-524
-6481
8528
412
-2802
2420
-507
-5442
5942
-8613
8436
9533
3430
-5461
5627
-2894
2503
-8069
2860
3280
-5415
-2698
-697
-5320
-1840
4951
-594
-6836
8086
888
1375
8990
-3957
-4627
-7585
7496
-2853
7063
6039
-9152
-5288
7582
564
-1323
7528
-1132
-9931
-4010
9483
-4751
-134
4970
8817
9982
4503
-3501
9330
-5468
-3759
-7588
-4913
7749
6549
5974
1021
-3661
-3244
3479
-7629
-1381
3328
-4148
209
1511
-5558
-5075
3590
-8967
7937
1206
-5567
-3314
6009
3190
6462
7151
-2275
3465
-5723
9634
-3630
-5949
-6025
4118
-6386
-3405
4277
7392
-3120
-5049
-2712
1009
502
1295
-4242
-6722
-9626
8342
-7727
5478
-428
-6319
4915
9357
8870
8869
5519
-8317
-4509
1163
-5979
-6761
2639
4914
-5404
1484
1828
-2530
4749
-7132
-174
-461
-3255
7609
-2523
-4449
9387
7004
5551
-308
-3891
9243
45
2184
7735
-4497
4349
-8582
7044
-1496
-2548
2724
4516
1872
-5985
3921
6250
5590
7627
3381
1204
-6416
5094
9044
7545
6910
9677
-9817
-2203
-6984
-8246
-9932
5332
1219
243
-2383
-4138
6478
-6749
-5930
-9532
-4863
7065
-4740
-2228
-7288
7172
-9691
-532
5926
9528
7351
1291
-3805
8647
5389
-3375
5887
6988
-2584
818
-8148
-6623
7839
4000
8817
-575
6516
-1612
3843
-4087
4769
-5272
-8514
-2043
2634
779
-400
9866
-5391
-1210
-4233
-2235
6088
8049
-4019
353
7033
7081
-4509
-7241
-3502
6498
-8497
-7321
-8173
8295
7091
-7472
9080
2462
-6113
4170
4170
3959
-1603
4139
-2775
4154
2490
6193
-5182
-9963
-2178
-1123
-2120
9223
1617
1846
-5880
-790
8391
1268
7338
5177
8638
-2053
2181
6186
7338
-1352
203
5808
2040
-2280
5366
-6282
5919
7545
3610
7473
-211
-7721
4263
9352
8031
273
-1462
-2893
6664
4532
-3241
9639
3183
-7388
3997
4503
-3260
3154
6488
7481
-1061
-5572
-813
5090
8903
6366
-292
-8417
-1209
-6116
5012
367
8942
51
5244
-609
-6161
-6821
4307
4018
-232
8427
-2957
-7196
-3634
-8931
3382
7197
-4459
5457
3094
-1475
-3093
-5367
-3437
-8243
-8943
-1151
-9414
8379
-575
-2765
-4885
8565
-1497
-207
-1771
-6677
135
5406
-8382
3783
2832
4477
-7443
2740
-7107
5494
1046
-8027
-1386
18
3934
1050
-90
4975
6491
8788
3183
-8665
329
-8697
5858
-6115
-7629
-851
9652
-349
4964
4533
1202
1645
7944
5132
-800
-4135
1692
-2975
2576
9592
-5693
-881
-2698
-7812
2705
-5787
-67
7453
-6777
-7828
3336
9708
3776
-4587
4737
-9015
683
-2472
-3872
-5100
-2520
1936
-4161
-6514
-1665
-2176
-1962
-1756
200
-1135
-3258
-2438
6778
270
-1675
-2584
-9486
-6952
-833
5520
-2069
-5204
-7450
8922
9465
1152
-9821
7017
2111
5813
-6525
-7084
-4135
-6039
8613
-1644
-7912
-1204
-5724
6938
7382
-8754
-7440
-1475
1950
2931
5900
1773
2502
2433
2291
-8601
4495
8724
9988
4417
-3908
9737
3926
-6824
-3562
-5498
-5323
-9727
4320
-8314
-5710
3772
-7294
-9079
-5974
-7794
-791
7416
-227
-8925
5529
7503
-558
-4836
8217
7190
9402
3608
9416
6195
-8359
-3729
9027
7893
-3691
-8485
-492
9126
-7417
-9203
-3300
9577
-3932
-3617
7875
-8906
9354
4179
2539
7891
-659
7493
-2362
7955
-880
-9645
5862
7318
6310
-6636
3456
-3778
9411
-6219
7204
-2965
-3981
-2016
-7893
-8794
-1016
9880
9763
-3091
4014
-1212
-8598
9309
7270
6430
-2449
-5457
-9871
6154
-834
-2382
7267
8039
6526
9490
4775
-3686
3319
-7136
3191
847
-2663
6585
6028
-3176
-5988
4469
-5895
1743
-876
6824
-1140
5789
1863
-7327
5050
-7715
-4010
-7218
-3688
3213
1248
4610
4023
-7699
5984
6025
-8236
4181
9292
7022
1268
5804
6461
-1968
-6359
-9214
6842
-7336
4007
-9544
-4160
-9321
752
-99
536
-3169
2135
-7297
3941
6551
-3421
4734
-7957
2924
-4539
-9521
6429
-1564
8549
-810
4944
-8604
6905
1764
4278
-5643
3118
9170
9174
-3235
8295
9219
1086
-2838
-5264
3071
1399
2227
3997
-3769
2676
4944
6767
5772
-2273
-1743
5504
-2256
-8421
-9019
-8099
2981
-7042
-6170
2375
-6980
-3234
1978
8707
9683
2201
-3237
2297
-3455
-8071
3743
8052
-9600
4933
-7060
-3211
-3786
2100
1916
7598
-6168
-2771
2169
-9317
9825
-4440
3605
6598
4021
-2483
6983
-9198
-1422
6912
-7676
2388
-5233
-9571
-1615
-4426
-6284
-1899
3011
2941
439
-4241
-2181
3202
-1717
6920
-4092
-3273
2658
-28
-7243
2828
-6836
-5365
-1435
5022
4571
-34
1459
4573
4642
4000
5426
-1106
-8478
-8675
2832
3997
-3180
1593
6563
11
2052
-5708
-6917
7490
1018
2462
-1536
-2609
7305
-8747
-2564
5218
4200
3148
-9021
-6938
-1607
33
1551
4261
7136
3380
-8331
-2156
4200
874
-3098
2736
-8413
-258
-9342
-2318
-1847
8805
-8373
5258
-296
-3270
7703
-3126
622
7970
1477
458
-3646
878
8282
1563
952
-5117
9099
6374
2743
-9049
6328
-7587
-3231
-8167
2826
6276
-8735
6886
309
-2581
-6335
6813
7061
5131
-9216
-9089
-7602
-7319
-8176
6782
-4814
6882
-2453
6459
-5987
5024
-4479
1881
3335
-7839
-7368
9746
-8793
-8694
8229
1595
-3667
-9256
7155
-964
103
-3616
-6300
-7508
740
-805
-34
-5279
-8625
5253
-3648
946
5198
9707
6142
7075
4231
-7130
-9851
4243
-3762
17
7666
-2173
-5485
3190
3063
-4198
9139
-525
201
-2461
3270
-3201
5840
-8410
-931
-1111
-5325
-7920
2419
-895
-8206
3132
-4022
2436
-5033
1173
-2647
-6216
-4141
9628
-8541
6987
5238
-5963
-8277
-6931
3128
2183
-2538
5475
3521
960
9632
-8086
-5832
-2942
-9522
7473
-9458
-5107
2009
-9238
-2681
-429
-277
-254
6053
-1106
-6115
7740
8101
-6051
-135
-6638
3492
-8731
6625
1964
-9254
655
3050
-3065
6506
2062
1045
-7983
87
-7504
-4400
-4037
-32
-233
-9138
6218
-3234
-996
7596
-4200
1939
6809
-8794
-5540
-7010
8233
9169
7130
-7307
-7454
7472
5619
-4434
4718
-2769
3632
3236
2807
9062
461
-3467
-2161
5998
1409
-7528
-2401
7807
-3194
-7241
2450
7611
-4499
-4050
-395
-2717
-368
-2309
7454
3659
-5214
5372
8052
2547
-2133
-8619
-1619
47
-5847
2577
7194
6339
-8640
-7157
-6833
4747
9557
6682
-6940
4256
5047
6189
-9398
-577
-8447
-8803
4360
5532
9329
8734
9489
4692
-5467
3431
1292
-3737
-6276
3618
6383
5637
1887
2831
4376
587
-8727
-8484
-2864
6744
675
2550
2233
6916
-1
-9743
5538
7855
972
5014
-2463
-2678
8119
7772
7107
-8429
6785
-8443
-551
3971
4096
-6071
3890
3267
-1624
8126
-4113
-5103
7779
-9897
-7389
6677
2009
3707
-170
-8220
6023
5054
4771
-5301
-3401
5803
4353
6956
4049
1216
-9011
2661
-7087
4601
-6837
-9953
-1065
-4169
-2811
-8553
-5969
-8543
-1380
4543
-2116
-7908
4025
-4369
-551
-9193
6685
6375
-5178
-3467
4188
2978
4086
-1409
8269
8877
5520
8201
4162
4285
-7046
2960
1077
5682
-5598
3401
-3979
5046
-9243
-5618
-2706
-2682
2313
5652
5411
4941
5934
-7185
-5794
-758
5369
-3542
5243
-9431
-757
-4680
3845
4410
-6052
-7880
3360
-3093
6613
3745
-4616
-1607
8080
502
5201
5786
-7990
-3351
6250
961
2627
3658
-4780
9065
-5054
2819
-4666
105
3941
-2286
4913
-5107
259
-3953
-5686
-9043
3692
7341
-6332
2012
-7869
-8748
-2381
2672
7966
-6433
6990
6710
8817
-5533
6317
8067
-2274
7878
4916
-7652
-438
6927
4069
8784
2062
9060
4109
-7511
-35
-9420
-1651
-871
-3225
3399
-6087
-6371
3374
-8160
8853
-1996
169
-4042
961
6378
797
4932
-7019
-6657
-3973
-8631
3306
2047
-3991
7444
1618
6810
-2851
-5928
-656
4563
499
-537
2842
3783
-8346
5991
-3233
6778
8951
-5742
5760
-5340
3041
2865
-2796
5670
9721
-9742
7795
-2875
6109
6814
-2927
9721
-6241
-2674
-9458
5239
-2181
-9737
6825
7111
9284
1511
875
4258
-3809
-6253
8505
-5744
2105
-3829
-813
8367
9285
-9429
7997
-3929
7735
-6345
-7014
-6785
-393
-4666
7459
4403
-4611
-9115
-2981
3416
1332
-648
-6842
3169
37
-9591
7944
842
-8603
-3624
8912
-8742
-6628
4791
-6285
-2934
-5766
-2118
-5732
-5076
-3060
-5829
2964
-3714
2202
156
1061
-9949
5438
-9245
7626
6189
-5967
6036
-9888
1316
3895
9672
9550
-2764
-7099
-1161
-5733
8060
-3655
-7041
5920
769
-8947
-6949
-1826
6390
8755
339
-9276
-8270
-64
-3220
4598
-9590
-3122
-1176
-4834
6630
-3319
3550
4846
4990
-9162
763
-864
-8539
4991
1760
6137
2033
-4579
6438
-5333
9695
2062
8722
-5367
-6448
-2370
-1411
-5855
-7510
6874
4673
-4405
1631
1262
3678
1612
2370
-283
7782
-6066
5824
8253
1472
9516
-2757
-3207
-7996
1116
1670
7447
5060
7101
-9137
-2244
-4157
-2578
-3970
-8417
6389
8956
-5018
2153
-628
2227
-9576
-2690
4940
3721
-7314
-6076
555
6284
9770
145
-2886
-3779
1915
-2852
-2877
6221
1706
-3588
9835
3927
-2759
1416
-6629
2548
6635
4321
9400
-5700
-6714
7789
3228
-2160
3296
5136
3077
7065
-8981
-6618
5774
9630
-9547
-902
7646
8948
7628
-6470
8805
-8621
9870
-2186
-6797
4612
1200
4296
-3835
-6573
3516
-2002
3244
-1383
-1349
-7525
-6890
4171
7336
-2262
-3063
6348
1100
-900
-2479
4598
-6243
-8891
1943
-992
-4281
7517
-6498
-2364
-6241
9544
2472
804
2893
-4756
-9886
-3820
1253
-244
-435
6756
-4492
6418
-1806
-3813
-3903
-7380
1763
-5584
-8183
3547
-1517
-4292
5348
-2545
6418
9351
-2177
-6152
2132
-9961
6101
-1967
-4428
6678
2269
-9310
-8319
6146
-69
8918
5019
-4460
3550
7555
6472
-7565
-2998
-8204
-9400
344
-5477
7471
-8537
-1225
-3820
4695
-8095
-6872
-4309
3240
8092
3125
5576
-4958
5434
1163
6050
9748
-4254
-3823
-829
1416
1796
-6239
8172
9689
9367
724
-2637
9676
-3703
9138
2535
3791
9778
5733
-5243
-2158
3230
1732
-5925
8908
-4634
-2527
90
4279
3122
9314
5033
-342
-9226
-290
-2060
9756
1855
-8492
-613
-2132
-2491
-6330
9043
7716
3200
319
-5932
-1724
7833
6248
-4130
-3654
7294
-3787
-4881
-4725
6110
-3065
-1708
615
-7732
-6493
-3157
-2309
-4228
-6059
-9651
-1536
-1724
-2260
-4443
1507
-9333
-4063
7753
2117
6834
9759
5606
-3973
4670
2241
-3841
-398
591
5484
-2088
-6787
807
-3680
7646
8817
-3599
-9673
-1108
-7297
3659
-9884
-9346
8756
-9787
-1414
-2140
-8471
6581
8162
-4687
6703
3550
-2273
-1154
-4796
9216
9968
-824
5719
-1010
4631
8282
6069
2645
-5271
2143
-4387
-9667
-9801
6262
-8265
8304
-6243
-8264
1066
-9147
3
-6440
-1696
2155
-35
-6372
3921
1971
-5717
-3
-6270
8560
887
-9894
6656
-6871
8078
-3593
-9692
-8250
3276
-9504
-8190
8210
-5867
8124
8446
-2995
-9280
166
-2751
8572
6731
-832
-6413
3206
7060
2841
-2364
8162
9645
9175
5486
1005
36
-8412
8107
-5150
-4415
-595
-1335
1412
-8351
-2385
6529
4457
-847
-7382
3104
7763
-8469
555
-2406
-6240
2365
8948
7519
-3271
-6066
2381
-9536
-2539
-8519
-1630
-6282
-5449
-5463
9737
-3413
8854
5834
2056
-8791
-4691
2545
7473
-4973
-6203
1255
8580
9374
-9089
9775
9176
8093
2501
8746
-3235
-6293
-2093
-4912
-7201
9308
-7693
9491
-3514
-3666
-8961
7489
7470
-4113
-7072
-4545
8649
7148
-8409
-850
-4785
-7553
8902
3137
997
-4441
-3821
6801
-717
5189
8155
-6130
-9950
1680
-1897
4140
-8117
-8401
2537
963
4073
4679
1640
1714
-6138
-461
-7819
4562
2038
4517
-2307
-1090
-3281
7823
747
-621
-1385
849
7654
-8361
-5354
7837
4579
500
4933
4240
4443
6727
9336
2015
4655
7716
-9323
-7337
3308
9290
6319
2057
6264
-6301
8062
-8803
7188
0
-1984
-9876
1353
-1036
7490
965
5469
3208
-4926
-1446
-8285
9905
-8663
4788
-8178
624
-1323
6597
-862
-8601
2849
9672
8302
-2568
795
1143
8455
4787
-9891
-4438
2986
-6700
4718
-4883
6897
3518
6254
7766
-5282
2141
-841
1376
-4633
3592
2101
-8285
-2655
-8568
8350
2835
3143
-656
4939
-8739
7645
4492
7038
-4101
-2311
4180
-1138
-9085
-8582
8840
2109
7578
-2387
419
-1053
-9363
276
-2793
-2893
-3610
694
8410
7086
-3355
1970
-4207
-2240
-2011
1977
4154
-8856
-5002
250
-9720
-1417
-3875
5881
-9695
-8141
2201
-759
-6946
5435
-5434
-2270
7738
5248
669
4707
8972
2631
-7973
-6196
1527
-5891
7181
1946
84
-3506
4459
454
310
-6265
-8703
8676
-1242
4444
6002
-6508
-2069
-3956
7209
7726
-7802
-2216
2514
5475
-6595
-6775
-4212
9521
-9973
362
-624
-3621
2302
2500
-8611
8103
-3832
2451
5043
-1179
-1797
7214
-2416
2157
-1570
8694
2850
9969
1302
-9751
-7295
8010
-6162
-6486
4115
8658
-7248
-8930
103
-5484
2693
8580
3692
4615
3184
-337
287
1019
6091
-7540
-7909
-4107
2279
-3734
3709
-4178
9297
-6696
1475
648
-1185
629
-344
1213
5351
-6195
5964
4954
7790
9488
3143
-9812
-5467
5254
-1353
1914
-9757
6313
4511
9764
4876
1029
2014
676
5099
706
5063
4630
-9399
-4322
-2388
-9665
8391
7903
215
-7908
2572
3423
6223
1756
-6480
-5201
963
-8299
-4712
2735
1286
1231
-3460
-5788
852
2739
860
3749
-4065
9814
4642
7634
7406
967
1620
-5091
5589
523
5304
7684
-1610
-1282
-511
-1851
-6505
-3991
2132
3559
-252
4702
-5180
160
8932
-4998
-3462
4795
-6541
1047
-7082
4325
2220
1202
9547
-4981
4562
-9477
5303
-9852
-2103
3654
-8099
-3093
4113
6965
8929
-1495
1117
6428
2859
6400
-6722
-8352
6535
9593
4419
-4191
4850
7766
-8603
2097
-647
5781
-6256
5800
-3191
-1419
5906
-8274
9600
-3852
-7242
-2003
-5993
-5618
-2542
-2030
-5393
7058
2601
667
9236
-796
3157
1711
2728
-8489
2290
-4841
-7737
-637
6077
-9392
-8851
-7524
-7692
-3640
-4134
-1046
1694
3084
129
1892
-7614
-1986
1145
90
-8206
-2060
1392
-1789
7390
7379
9328
-7196
9316
-1564
-399
-1185
-9314
9924
-7275
-9455
-4917
-7829
6221
9187
-8129
7121
5719
6100
7544
3011
-4647
8980
3506
2659
7844
8686
-1092
-3728
-8541
7656
-6827
-7829
-3679
-1184
3695
-6646
-6429
-9665
-5090
3922
-5527
-8141
-3792
4496
710
-4433
-6607
-6036
-5643
-5062
5230
2616
9653
8251
8535
-9445
-9770
5966
238
-170
-170
-82
5457
-9825
-4048
-8040
7015
3358
-1810
8632
-3571
2065
-5070
5142
4465
4848
-6205
-3919
4357
6336
1842
-1787
5344
-443
9769
7098
-9388
-1481
6410
3753
445
-9849
8405
-892
-8463
-9174
-8340
1731
3100
-4276
2782
-3511
-4549
-7665
-3632
-7611
-5766
1687
2307
-9981
-6692
-630
8475
836
2624
-3868
8868
-1377
-2
3518
-1205
-8000
832
-1870
286
-3925
-1783
-7460
7515
-7649
-1486
-3927
1120
5581
5112
3059
-9516
4475
-6735
-3154
9608
1418
-8635
-4181
-3639
-4784
-1371
-1210
5749
8895
4889
5093
-7082
2786
3368
-440
3974
2511
1366
9917
3284
-1668
940
3592
-3449
859
4843
-4295
-2531
-6904
-7838
-3539
7644
7
9580
5471
-8934
-8672
-8020
8405
9917
-3557
3376
-9662
3722
768
-3253
6472
3981
551
4175
6783
9552
-5514
2135
-9846
-2408
3409
9102
-253
3124
496
8625
9450
-8350
9812
2500
-8482
-887
-5492
3785
-2943
-4492
-7970
-1112
3832
-6677
6298
8326
-5630
-3666
6416
-9264
5707
-1934
5891
6638
-7538
-1438
-3342
7810
-8212
-2432
7571
1720
-4199
-4894
-6464
2326
-2382
-6810
5163
-2827
9654
5569
9415
-4241
-3732
106
7695
-9516
-7289
-4182
-3960
4250
-464
-2783
4385
5874
-156
-4123
-4659
7847
-4796
-6759
7538
5012
2281
7902
60
-8736
-2932
-6289
5494
-2953
4586
8845
-3332
-970
9713
-5018
-8544
182
7114
4201
943
4572
5999
-4419
7457
3827
-4628
1742
-479
6365
-3367
-4040
7357
4757
6401
6107
-3559
2706
-340
7914
-5685
5604
-7212
-6208
-2057
7572
897
-9237
4493
-2037
-9601
9738
-6471
-8135
6263
8681
-6422
-3232
8921
-8904
-8244
2307
7731
-8388
3731
-1355
-2830
6168
-1154
-2078
605
-8005
-9111
7563
6124
4185
-5541
-6238
-4401
-7466
-3669
-9961
4365
-7594
-1229
9098
4729
-7394
-3726
-106
-3259
7512
1231
-4249
5824
-9195
-9045
-1573
5793
7027
7549
5329
3440
4708
-5949
-9936
8474
-8713
2856
8441
-2660
4026
-8009
-2449
-4975
-6056
2164
8935
-405
4686
2042
-9056
-1307
-575
9235
-6449
-6191
7500
8083
-8851
-2762
-9661
855
-6270
9085
-6644
6839
6272
8437
2703
-2851
-21
-9880
9205
8200
1902
-4358
8277
4538
-7451
-2875
-5628
-617
-1396
5097
7997
2846
5801
-7136
8808
1196
1943
5256
-5973
-1937
-5043
2515
-6136
-7332
-6078
2941
-1692
3014
9073
-4829
9354
1427
2304
-7347
3985
-5728
8377
9194
2141
7004
-9571
2501
-7617
7712
-6065
3139
9390
-8385
-8799
1372
9548
-7243
9233
6675
5086
-5141
-7464
-4788
3232
-6417
7454
2773
-474
-3546
5926
-486
-6443
-4517
-6799
-9938
-2640
-5234
-752
-3982
124
-7947
299
-1367
-6335
-2401
9739
3813
7186
3620
3047
4860
8263
5593
9775
8311
714
6995
-8603
1837
5540
8652
-9185
5582
-8692
4954
5630
6037
-7878
-6669
8489
3781
-6510
-8557
-1364
-1676
-2155
-4653
5052
-7077
-5126
-7565
-2006
-8479
-2770
3409
4418
-681
4587
3724
-5466
5016
1801
-3082
2929
-4988
572
5583
-3925
4753
-4175
-938
-5422
-2953
4678
9734
4431
-4004
7473
-1077
-1746
-1769
7001
2677
4894
2204
-3152
-797
2962
-328
-8947
-1374
-6488
3764
-1689
-2211
-7413
7792
4898
7827
709
8470
4858
-6732
6769
-2379
-1557
-2999
-3898
-5725
7458
5273
-5676
7268
6347
-5325
3918
-5314
-7281
9292
7903
-885
-9041
-3799
776
1826
9235
9113
-2653
1513
-6311
-2583
-2285
613
-8840
7265
1200
-4923
9643
-5424
3942
-5335
3630
2552
-4716
-564
-6379
-7573
-247
5970
7748
3327
7176
-7919
630
-8279
-9560
7953
-5512
3049
-8747
-1064
-3866
-9482
-2479
8014
-232
4778
-7915
-264
5527
3008
-2802
-8931
1172
-2194
-1759
-4393
-6218
2780
3288
732
-6874
-2949
-4046
6455
2961
-640
-7768
9666
3223
4550
-2637
-5788
7116
7070
8120
-544
3340
-9590
1235
-643
25
6856
-1503
-2065
-6213
-3320
-8775
8853
-4247
1299
1699
-3359
-866
5567
-4256
3997
5363
5999
-5434
-6037
3969
-9374
3907
-9430
6877
7536
-3819
-1660
-6801
-70
-9496
-5755
-5827
5544
-6317
4401
1312
730
7172
8518
5219
8841
-837
8044
2061
6845
-5983
-9056
5692
-8423
1084
5977
1958
7170
-9727
-5350
-428
9667
-7510
-1618
-4058
3513
-1337
-9377
-5795
-9471
-2011
-690
-4567
840
-4486
-1420
-3678
4816
7361
-9907
-3963
-8863
-5163
-2353
-6043
-4310
2270
-5551
5798
-2801
-1518
2779
-3162
-5397
6922
4433
4725
3345
-6551
8789
8793
-5998
-9786
9012
567
8401
220
9752
-1943
-3461
9445
-5587
-3547
-1892
6323
2576
4785
3997
9841
4438
5792
-348
1731
-2102
-5607
9046
9782
-5626
6882
6412
-546
-6870
7111
8325
-8697
-5465
9443
-3318
8951
-5258
-767
4955
-1441
-1916
-3534
2492
-4328
-5756
-1390
1435
-8533
-9664
-9444
4498
3276
-9287
-4194
-3943
4811
-3709
-7571
-4714
-537
-3349
2219
-3395
1769
-8687
-7880
-1078
-9750
-3521
1029
9184
-8503
3744
7460
-2649
-1498
-3798
3937
3969
-3881
5642
-9635
-7316
-9882
5693
9164
2536
-8216
7049
6902
7228
-7373
-2370
5909
-7065
-2890
6374
6345
2210
-3818
-8478
-5274
4213
-3188
9021
1884
6040
-9416
-4733
1179
-1135
-8287
-3383
1949
4978
-4652
681
9861
-2137
-5695
6239
2139
-754
3550
3676
9638
-1126
-7451
-815
3684
-2777
3971
-4881
-6638
7289
-6379
-6563
7879
764
4227
-3074
1867
-2612
4340
-5061
-3730
-8252
5891
-4187
-2700
9561
2509
-78
-8227
-2619
8619
-6596
-1134
1243
-4717
-3450
-4410
4717
448
-7337
-3153
4189
9354
3908
-4116
4723
-8378
-1893
-6882
8849
-5418
8692
-6881
-4705
5599
6562
-6401
1401
3669
-2471
6398
-3352
6325
6697
-5564
1208
9344
-4119
-7835
-7212
3042
-5543
-8498
-288
-7474
-7837
7477
3822
-574
-4997
7552
8949
-6241
2774
-3339
-9121
5359
9326
9078
-4136
9477
6586
-5580
8505
-5483
-3357
-321
2700
6515
-3797
2582
-1686
7913
-555
-4481
-3492
8546
-4881
-663
-4588
6511
835
-7844
5953
2585
-1704
511
-5774
-9364
-7777
7993
-6231
7534
-870
-1068
-5853
5294
4589
8013
1368
3399
4724
2139
4876
6948
9140
2672
-8070
9275
7310
-3693
1486
652
-959
-4511
-8309
-3665
2381
-5870
5126
4829
9913
9418
-3718
-2815
-4092
2222
4453
2510
1980
5775
4764
-1643
-5910
-252
6590
9108
931
2348
4825
-9101
997
1573
-1364
7974
4936
-2865
5088
6378
-7795
5160
-6169
-6843
-2630
-9274
-2228
5145
-3180
-4852
1904
-5050
1800
6440
247
6064
4137
4647
8251
-9848
-4599
4904
4043
8471
-405
9375
-4349
8381
-639
-6985
2115
6803
5323
4220
-4952
7902
9769
217
8994
3803
2789
-2491
4287
-1811
-7169
-615
4745
7078
7645
8844
-5188
-5105
7777
1730
-189
2618
5567
2684
9306
9328
4499
-5432
-7118
1677
9572
-9019
6851
-3638
-8370
5991
-6703
3175
-9560
-6966
-1602
9048
-4777
6030
-836
4044
9908
-2172
-649
-3487
465
6795
-334
-8949
2547
6252
7371
-7600
9157
-4221
4032
-2664
-607
2948
5161
-3233
-5713
-9395
28
-122
-6212
6083
-3176
-8362
5085
-6842
-1030
-1283
-4187
4343
2617
6673
3126
9186
-7023
-3594
-8592
3567
-5583
2812
-8245
-4361
-922
-5059
3084
7737
-6955
-8866
4693
-1165
6713
519
5738
7779
-1282
-313
-8176
-4814
-5680
-2299
-901
-4589
-3301
-7896
2865
1032
-7583
-6966
-7127
-980
7782
-6421
5858
9356
8811
1183
-6426
-9863
4441
-9703
7278
-3415
-7814
-4796
-6506
-6933
7424
8821
-7664
-1384
33
-8563
-4128
-6173
-6828
6868
8753
4573
-704
2956
-8375
1804
4530
-5291
5869
-7269
-484
-908
6602
-6001
2642
3169
-9822
-3039
9666
9002
-9091
-4042
5073
6605
-1886
-3368
3018
-1916
669
-999
4207
-2916
-3480
4736
-8383
-9146
-9825
-2262
5825
-637
-3222
-997
-2085
2281
8123
7605
7991
-768
-9283
4277
-5005
-416
1446
4802
5078
-9521
-4233
-5920
-1530
8822
5675
541
2846
2553
-6851
-6146
7983
5936
3141
6467
7443
716
-8716
1212
-2797
-2119
-2239
-1827
7832
1171
-5773
-6651
-4056
5839
-2962
-8716
-1982
8419
-754
-7341
5634
6352
8123
4029
-3337
-4434
9269
-227
4238
-8592
-5634
-5138
-9946
-6184
-7536
-8457
5565
6565
8867
-1581
-1780
-7867
7902
5694
-3827
8086
-1465
7801
7610
-8944
-5833
1170
1970
1914
-6380
-3911
-3503
2400
7052
4978
-4893
-2775
7113
8757
5076
4480
6801
-7917
-7653
804
-3914
3680
-5756
-6775
4435
-2721
1022
695
-7336
-665
7450
6043
3501
-3629
5242
2006
-2800
7756
9712
8611
7736
-5664
-7243
-9240
-474
9866
9297
3493
2272
9687
-6836
-4148
6674
3439
-6927
1128
-3231
7378
5864
2591
2210
-9387
-7821
4770
-8591
5775
-9801
-2818
-1108
-7292
-7341
-2058
2635
4652
185
-9425
3076
9937
-1074
5878
-429
9016
3787
6164
-8027
-168
-7806
93
-7424
9234
-4130
-3681
4101
8128
-6788
-8374
7038
-71
-8495
7166
-1883
4839
-6614
6230
-1251
2983
-7990
8323
1864
6203
-3527
900
-6999
-7456
-5497
-5349
-6023
4412
-6665
888
8071
-7568
-1851
-4043
625
-8183
-8687
934
-1691
-5174
8782
6924
2707
-1468
-3003
-3095
9312
4737
-7828
-3661
-4805
-4808
6239
-1519
-863
4926
-4080
-7078
-4131
-2570
7919
983
-4867
-3021
9172
-9582
-7720
-9361
4029
-7267
-9846
2572
6915
8121
-877
-8907
4075
-700
-4067
-7721
-9008
2480
9596
2295
-4331
-758
-757
9987
8365
5049
5826
6899
1665
-6634
1429
7321
6877
-9401
-2920
-2270
4095
7389
-6286
-2248
-2369
5208
6328
2230
3479
8166
4140
5072
6797
4844
-6925
8697
6555
-3322
1000
2783
6291
8219
-6546
7367
-9535
3266
668
-4995
5717
-4093
-4961
5165
-8068
-947
-3588
8443
9254
1623
8869
8987
8670
9572
6650
2357
-2665
-352
-7352
-3550
-3486
-3787
-25
3489
5616
559
9156
-8885
9704
-2175
7306
-6684
173
4121
8884
-4415
6749
7158
6984
-9844
-8915
-8583
4691
-1962
5905
-8071
-2542
-3705
5333
-1917
3691
2693
7445
-7336
-631
-8026
-20
-5219
7735
3230
-9981
2736
-476
9027
-3252
-5343
-7457
-6820
-1514
3766
137
6228
-3175
-183
-4612
9188
-9663
-5247
-7288
-9788
1904
6802
6073
6927
-2512
5186
-6691
89
1520
-7863
-4860
-5393
989
3638
-6309
1689
-6667
1916
3511
-4603
1610
6098
2648
8715
-7811
7656
-517
4873
-1354
-8811
-8983
6718
-8971
-2225
-1552
-2523
-9918
4440
-2525
-3279
-5684
7261
3571
-4496
-5673
-561
1411
-9886
-8274
-4595
1432
8613
-6830
-3258
3189
-3641
-3159
3594
5433
-1241
560
-5676
-1820
-7614
-2741
-4567
5585
-7114
8000
-8044
7780
6716
-4112
9491
-9179
-6552
6065
1936
7271
4177
-1368
8162
-369
3377
4742
-6304
1535
7341
-5634
-9788
9086
8579
3681
2289
3175
1564
-4799
-9511
6172
1084
-4005
-107
-1337
9935
-531
-4953
6709
-860
-8260
-9396
-8272
1171
-4894
6954
6612
4832
-2481
6258
-8935
9143
-293
-575
1557
663
-8894
4124
-9847
9722
2169
6719
8912
-3521
-5870
-392
-4364
3033
-509
6160
1825
-938
4659
7116
7919
-2436
-7268
2362
-9569
-2610
9456
-6816
-204
-7976
-4992
8850
-1613
6631
8375
-1482
-4269
-4198
-8547
9087
2157
-8135
7611
-5105
-3340
3386
3968
-5624
8206
8146
-7118
-7738
-2324
5139
-6521
179
2312
6886
6370
540
383
-7184
-4770
1238
-2183
6465
6027
-2574
6216
-1520
-2540
1017
-5653
-97
1163
8614
-4937
3969
-8474
8304
-1244
-5398
-2772
-7179
-4606
-7377
1486
7092
-2088
-8845
-2456
-3380
-6895
-1071
-3372
8635
9570
-2805
-3291
-8438
-8953
8761
9780
3130
-6566
-7421
2655
-7960
-2629
-958
-8171
-2137
-893
-1652
-4550
8738
-6558
-3341
6467
9039
-2690
9350
5506
6344
-4382
-9780
9325
4144
1696
-4612
-5991
1491
1824
8817
5821
9669
896
-5980
-1478
4503
-7038
6707
5253
-5011
6239
8396
-7875
-9725
-4867
6824
-8711
-2225
6789
8531
-9039
-8201
-442
-1312
-3878
7206
9950
5390
9262
7684
-1996
-4711
5349
3144
-4037
-3662
6625
6611
-6261
1742
2469
6301
1938
5023
-7468
-5500
3662
-1858
4091
-2365
-3778
-737
5920
8023
3235
2690
-9847
3357
2095
-5027
7985
-522
-8750
9404
684
-1796
4946
-5314
3936
7723
-7913
-1456
-1022
-6488
-4744
3485
-1409
-768
7151
-4394
5454
-3873
9337
4195
-6533
-7009
-6346
-4747
-3135
-8420
-1345
1602
831
-2340
-7045
6512
931
-2424
3002
8728
3315
-6271
6811
-6280
3950
-516
-5279
9141
-9761
6249
6693
-3825
